# This file may be used to create an environment using:
# $ conda create --name <env> --file <this file>
# platform: win-64
# created-by: conda 25.11.1
annotated-doc=0.0.4=pyhcf101f3_0
annotated-types=0.7.0=pyhd8ed1ab_1
anyio=4.12.1=pyhcf101f3_0
beautifulsoup4=4.14.3=pyha770c72_0
bzip2=1.0.8=h0ad9c76_8
ca-certificates=2026.1.4=h4c7d964_0
certifi=2026.1.4=pyhd8ed1ab_0
click=8.3.1=pyha7b4d00_1
colorama=0.4.6=pyhd8ed1ab_1
dnspython=2.8.0=pyhcf101f3_0
email-validator=2.3.0=pyhd8ed1ab_0
email_validator=2.3.0=hd8ed1ab_0
exceptiongroup=1.3.1=pyhd8ed1ab_0
fastapi=0.128.0=h0ea4129_1
fastapi-cli=0.0.20=pyhcf101f3_0
fastapi-core=0.128.0=pyhcf101f3_1
h11=0.16.0=pyhcf101f3_1
h2=4.3.0=pyhcf101f3_0
hpack=4.1.0=pyhd8ed1ab_0
httpcore=1.0.9=pyh29332c3_0
httptools=0.7.1=py314h5a2d7ad_1
httpx=0.28.1=pyhd8ed1ab_0
hyperframe=6.1.0=pyhd8ed1ab_0
idna=3.11=pyhd8ed1ab_0
jinja2=3.1.6=pyhcf101f3_1
libexpat=2.7.3=hac47afa_0
libffi=3.5.2=h3d046cb_0
liblzma=5.8.2=hfd05255_0
libmpdec=4.0.0=h2466b09_0
libsqlite=3.51.2=hf5d6505_0
libzlib=1.3.1=h2466b09_2
markdown-it-py=4.0.0=pyhd8ed1ab_0
markupsafe=3.0.3=pyh7db6752_0
mdurl=0.1.2=pyhd8ed1ab_1
openssl=3.6.0=h725018a_0
pip=25.3=pyh145f28c_0
pydantic=2.12.5=pyhcf101f3_1
pydantic-core=2.41.5=py314h9f07db2_1
pydantic-extra-types=2.11.0=pyhd8ed1ab_0
pydantic-settings=2.12.0=pyh3cfb1c2_0
pygments=2.19.2=pyhd8ed1ab_0
python=3.14.2=h4b44e0e_101_cp314
python-dotenv=1.2.1=pyhcf101f3_0
python-multipart=0.0.22=pyhcf101f3_0
python_abi=3.14=8_cp314
pyyaml=6.0.3=pyh7db6752_0
rich=14.3.1=pyhcf101f3_0
rich-toolkit=0.17.1=pyhcf101f3_0
shellingham=1.5.4=pyhd8ed1ab_2
sniffio=1.3.1=pyhd8ed1ab_2
soupsieve=2.8.3=pyhd8ed1ab_0
starlette=0.50.0=pyhfdc7a7d_0
tk=8.6.13=h6ed50ae_3
tomli=2.4.0=pyhcf101f3_0
typer=0.21.1=pyhf8876ea_0
typer-slim=0.21.1=pyhcf101f3_0
typer-slim-standard=0.21.1=h378290b_0
typing-extensions=4.15.0=h396c80c_0
typing-inspection=0.4.2=pyhd8ed1ab_1
typing_extensions=4.15.0=pyhcf101f3_0
tzdata=2025c=hc9c84f9_1
ucrt=10.0.26100.0=h57928b3_0
uvicorn=0.40.0=pyh6dadd2b_0
uvicorn-standard=0.40.0=hcfb189c_0
vc=14.3=h41ae7f8_34
vc14_runtime=14.44.35208=h818238b_34
vcomp14=14.44.35208=h818238b_34
watchfiles=1.1.1=py314h170c82c_0
websockets=16.0=py314hc5dbbe4_1
yaml=0.2.5=h6a83c73_3
zstd=1.5.7=h534d264_6
